200    974   0.337303            0.0366702
210   1533   0.309337            0.0284815
220   1992   0.358317            0.0235868
230   2641   0.341195            0.0212620
240   2938   0.363886            0.0199981
250   3189   0.343139            0.0200849
260   3551   0.331710            0.0177261
270   3993   0.310447            0.0171592
280   4239   0.311944            0.0162952
290   4389   0.296548            0.0188473
300   4425   0.318192086205566   0.0008580180573682372   
310   4602   0.305084754634474   0.000834883753220342   
320   4928   0.308035714371452   0.0007775796688167498   
330   5450   0.251192653271035   0.0007392335316873897   
340   5600   0.246607139199186   0.0007222691847140722   
350   5884   0.273453425405550   0.0006716025103655482   
360   6143   0.257203315353416   0.0006524501389335259   
370   6393   0.286094167573789   0.0006112811443186846   
380   6604   0.299969709675034   0.0005844721483684913   
390   6795   0.261957330425538   0.0005874220474141166   
400   6840   0.247222228936815   0.0005910199855329282   
410   6754   0.269321885189017   0.0005872107264033139   
420   7035   0.273916131474813   0.0005614934342784675   
430   6825   0.25025640791143    0.0005907789006239781   
440   6925   0.248231047431851   0.0005832609460313636   
450   7043   0.248473652438281   0.0005733695361170777   
460   7060   0.247592061455333   0.000572421467934915   
470   7155   0.255625427156553   0.0005609318194996378   
480   7155   0.230607953449664   0.0005730440586435521   
490   7210   0.232593618870185   0.0005677186813875536   
500   7203   0.220463699586308   0.0005741039797011017   
510   7091   0.228599609492556   0.0005791972002736121   
520   7089   0.224573287467117   0.0005813281049191101   
530   7204   0.225985562793519   0.0005713690547657363   
540   7049   0.242445726279296   0.0005758438064428783   
550   7004   0.245859511700302   0.0005778551245038846   
560   6992   0.254719666206410   0.0005744572105964289   
570   6871   0.245088039181605   0.0005894294500397705   
580   6995   0.249177969785333   0.0005769552274500481   
590   6897   0.213426123641231   0.0006031100252261893   
600   7066   0.221766198947655   0.0005845965150927929   
610   7024   0.194903186631069   0.0006013404299543035   
620   7002   0.214938579296630   0.0005933177012148438   
630   6985   0.220472439234496   0.0005920172785622947   
640   6874   0.223450675115558   0.000600076197124204   
650   6773   0.221319932199889   0.0006101144085349761   
660   6794   0.221077419752710   0.0006083522191297256   
670   6685   0.227973064132888   0.0006146982444177356   
680   6801   0.207175402582291   0.0006148070837966589   
690   6752   0.202162325467274   0.0006218407561362589   
700   6766   0.191545957073984   0.0006259895010833745   
710   6608   0.215496366610274   0.0006284016815938621   
720   6585   0.194836738705197   0.0006414647475119765   
730   6835   0.234381847682537   0.0005979600711758826   
740   6632   0.181996375161877   0.0006436257066429031   
750   6639   0.192950738069387   0.0006372313089644561   
760   6666   0.226972690189613   0.0006169701711558964   
770   6613   0.212611522762445   0.0006294377293520222   
780   6616   0.209945594123012   0.000630548178946588   
790   6609   0.22318051745221146   0.0006242789578801216   
800   6615   0.20045350997281727   0.0006356142548671717   
810   6710   0.19329359123430956   0.0006303116217604562   
820   6497   0.1700784907641363   0.000663353924741723   
830   6539   0.20492428980755395   0.0006406332864810988   
840   6654   0.18485121822753942   0.0006400114547611977   
850   6513   0.2077383691813823   0.0006416939664357285   
860   6424   0.20018678171599116   0.0006546563309046722   
870   6608   0.17615012174334024   0.0006490281026582012   
880   6371   0.16496624022227296   0.0006792528338417885   
890   6418   0.18167650669666707   0.0006652592308075259   
900   6368   0.17289573741743552   0.0006752592996804395   
910   6290   0.18330682684980484   0.0006778992287197177   
920   6473   0.20021628409259032   0.0006496848556312663   
930   6351   0.18910407834636897   0.0006682260872893112   
940   6385   0.1736883201970669   0.0006730314225650725   
950   6353   0.19974815517692035   0.0006622118238051397   
960   6264   0.18263090931479695   0.0006810867809182226   
970   6206   0.18353207224442145   0.0006869490615068854   
980   6206   0.17176925767940887   0.0006935148985892618   
990   6196   0.18011619340221383   0.000689967531815064   
1000   6290   0.20445151467905118   0.0006662541814604369   
1010   6279   0.15225354432971824   0.0006962188047109712   
1020   6175   0.1564372405296886   0.0007055975912577531   
1030   6094   0.14998358642656254   0.000718644771844241   
1040   6259   0.1746285358640923   0.0006860598546840179   
1050   6026   0.20660470753815194   0.000694205098328117   
1060   6122   0.17984318818290082   0.0006984620295568933   
1070   6205   0.19629331473331943   0.0006799354770338073   
1080   6138   0.1565656635570165   0.000709778471098116   
1090   5934   0.16059991528887224   0.0007318242665419689   
1100   6013   0.17545317109270087   0.0007136524214601606   
1110   6105   0.1515151395475554   0.0007164808818965934   
1120   6041   0.17132924969036226   0.000712709434370218   
1130   6013   0.17844670001881532   0.0007119278433148227   
1140   6174   0.1533851586649341   0.0007074243355577992   
1150   6107   0.1599803498408099   0.0007114444793399966   
1160   6132   0.13502934606045297   0.0007226393098212988   
1170   5990   0.12921536739865125   0.0007431326311681015   
1180   6000   0.17099998629204097   0.0007177697158167363   
1190   6019   0.15716895843734202   0.0007234640938413186   
1200   5940   0.15740740944711828   0.0007329468623405385   
1210   6008   0.15063248315204203   0.0007285574892516668   
1220   5991   0.16791855132177885   0.0007206297277178843   
1230   5888   0.146908965620678   0.0007455964739331531   
1240   5946   0.12142615255166832   0.0007531697094566123   
1250   5858   0.14749060594975502   0.0007490708735600921   
1260   5871   0.14460908785154014   0.0007491124252790147   
1270   5874   0.16700714302989134   0.0007355209243605418   
1280   5774   0.18548665839906717   0.0007371726689741076   
1290   5711   0.15531430613034578   0.0007636062134272601   
1300   5823   0.17636956591189532   0.0007363931865819458   
1310   5860   0.1629692863152832   0.0007396650948226269   
1320   5612   0.13488952803499335   0.0007896843534697122   
1330   5833   0.14760843362284373   0.0007522113852704212   
1340   5639   0.1198794019441707   0.000795124169836259   
1350   5652   0.13676574451961168   0.0007829457160504796   
1360   5633   0.11947452001270438   0.000796220086252334   
1370   5746   0.157500851212835   0.0007576367334721998   
1380   5572   0.13370422471725352   0.000796090201509231   
1390   5611   0.11637854232007616   0.0008012533464952527   
1400   5657   0.1484885943566787   0.0007750751359488611   
1410   5427   0.12990602215748137   0.000819784772882138   
1420   5528   0.15955137517078688   0.0007862296395037334   
1430   5649   0.11771994617402601   0.0007950408511113191   
1440   5530   0.1410488182036899   0.0007975356572604955   
1450   5592   0.11176680314757255   0.0008068326288091784   
1460   5355   0.16041082082809416   0.0008110738076726497   
1470   5476   0.10336011493377291   0.0008292420895763896   
1480   5504   0.1277252893564055   0.000809688634166016   
1490   5291   0.12303913000472623   0.000845352404957229   
1500   5326   0.14889221956929777   0.0008229819461719421   
1510   5241   0.13050944358504862   0.0008484796125337753   
1520   5272   0.12481032252342224   0.000847235201776169   
1530   5169   0.16889144992263513   0.0008345758326839338   
1540   5253   0.11707594217800929   0.0008554000881802014   
1550   5166   0.153697231906531   0.0008452490891044514   
1560   5201   0.10901748735499557   0.0008693197403534927   
1570   5038   0.13695911500318203   0.0008782332933927854   
1580   5036   0.1356235052732075   0.0008795007982398038   
1590   5091   0.14712237298633082   0.0008621749702844955   
1600   4920   0.12337399196374506   0.0009088617030031732   
1610   5101   0.14899038886461552   0.0008592161883742983   
1620   4921   0.10688885514818408   0.0009202816028945673   
1630   4919   0.14616791390494588   0.0008929943315640931   
1640   4981   0.10198755883791076   0.0009126047693854352   
1650   4820   0.11804979071307141   0.0009315442225990438   
1660   4784   0.12207357575643905   0.0009356405419439159   
1670   4863   0.12214681931588989   0.0009203887784345261   
1680   4781   0.1041622890554068   0.0009492053691382425   
1690   4743   0.1062618594399563   0.0009552767751823156   
1700   4688   0.12265356580898239   0.0009543718447487018   
1710   4652   0.12854685176485608   0.000957368930950925   
1720   4724   0.09525823817963174   0.0009671878507345424   
1730   4558   0.1118911743520807   0.0009897712211080546   
1740   4618   0.12754437990033876   0.0009651695390187759   
1750   4524   0.12245801550788195   0.0009891186150079124   
1760   4648   0.11703957796536577   0.0009667690689626397   
1770   4571   0.10654123020909419   0.000991010714495106   
1780   4527   0.06936160283225899   0.001029092993859829   
1790   4561   0.10896732541184333   0.0009913408760462196   
1800   4515   0.12270208966899505   0.000990903015858266   
1810   4433   0.08955559397030764   0.0010351342084110203   
1820   4518   0.09274013610890901   0.0010132178770075806   
1830   4437   0.13342348017674988   0.0009999520239859442   
1840   4477   0.08264461008045289   0.0010303083083183138   
1850   4566   0.07796758969936607   0.0010137739750760504   
1860   4527   0.09851997074272995   0.00100678074526839   
1870   4409   0.1115899193171329   0.0010234567484381136   
1880   4439   0.13494029530643975   0.0009983178032631245   
1890   4322   0.06941231075902254   0.0010778640272541523   
1900   4378   0.08245775171217866   0.0010537545894738307   
1910   4346   0.0770823843288398   0.001065798069846069   
1920   4421   0.07939381026112746   0.0010459062196891441   
1930   4405   0.09580020652670004   0.001036803172177876   
1940   4453   0.0909499085500036   0.001029400381427918   
1950   4367   0.09457292700200992   0.0010467985789849436   
1960   4423   0.10196698995943439   0.0010277539247103783   
1970   4438   0.10928344673966778   0.001018569323849597   
1980   4368   0.10554029687845182   0.0010378611059350853   
1990   4322   0.06663580595544492   0.0010800894078128076   
2000   4459   0.08544515731487407   0.0010322917506488144   
2010   4482   0.05979472337876641   0.0010468194167269345   
2020   4298   0.06724056146884735   0.001085633198235508   
2030   4130   0.06368037963844032   0.0011327807064516007   
2040   4221   0.06917792364235485   0.0011038474926751626   
2050   4100   0.0931707101143668   0.0011161528820030503   
2060   4177   0.09432605717041095   0.0010946192426645005   
2070   4140   0.04855070824212801   0.0011427041151607688   
2080   4113   0.0641867177017522   0.001137036302247067   
2090   4102   0.0667966846196792   0.0011378813068079819   
2100   4111   0.11335440899380991   0.0010961587040439727   
2110   4068   0.10103244509445156   0.0011182381925688815   
2120   4068   0.09439527851130267   0.0011238900655975502   
2130   4158   0.05892256266995199   0.0011291163730375619   
2140   4143   0.04827419969260522   0.0011421078663959893   
2150   4053   0.05773500096679089   0.0011593831022709549   
2160   4152   0.08477841044271879   0.0011091759622012972   
2170   3968   0.07636089291246435   0.001167958097563455   
2180   4046   0.061047943967049004   0.0011585524820331495   
2190   4095   0.0361416244306012   0.001165758574857014   
2200   4024   0.024105347010851097   0.0011966889294456953   
2210   4070   0.07788697519391892   0.0011373885078711965   
2220   4025   0.05838506096580121   0.0011668889042513468   
2230   3938   0.0467242174170985   0.0012029258980656684   
2240   4020   0.0574626552153673   0.0011691351111595921   
2250   4073   0.058188048192539595   0.0011533047659901124   
2260   3966   0.0622793652996993   0.001180846589429848   
2270   3947   0.06992651377595523   0.001179819375295409   
2280   3996   0.055055037130858145   0.0011782440892284148   
2290   3997   0.06930198444823436   0.001165601828207115   
2300   3972   0.06873113191309707   0.0011734360519971834   
2310   4110   0.04549877544760168   0.0011536173338414584   
2320   3829   0.04518150585313456   0.00123856523797415   
2330   3954   0.06676784039263746   0.0011804979868133086   
2340   3949   0.08077994297682027   0.0011697011123490704   
2350   3969   0.0786092069840221   0.0011657015224805162   
2360   3984   0.031626504114530184   0.0012021642067316562   
2370   3925   0.10216558423403348   0.001157979021209327   
2380   3859   0.06374707836272368   0.0012122708645987549   
2390   3873   0.08468886376761026   0.001189157963811427   
2400   3847   0.06654534021582827   0.0012135325716354762   
2410   3853   0.06696080429587865   0.001211269294910704   
2420   3867   0.05327125505780748   0.001219147293229132   
2430   4037   0.060688622912125526   0.0011614436628567845   
2440   3896   0.06801847280497407   0.0011969601442762586   
2450   3779   0.03916380622511997   0.0012604689651240647   
2460   3962   0.032306910159103405   0.0012082446249219992   
2470   3863   0.11390110790201063   0.0011660405414843078   
2480   3961   0.060843219544987136   0.0011835931654903431   
2490   3924   0.05020387229149664   0.0012041458482446679   
2500   3895   0.05622591394797803   0.0012077554157338723   
2510   3713   0.05763531818078643   0.0012656409977926688   
2520   3876   0.02425179838889904   0.0012422520458292678   
2530   3791   0.06436295873305008   0.0012334528605383844   
2540   3901   0.023840032044239186   0.0012346565829515089   
2550   3789   0.07680128743881692   0.0012227321614520332   
2560   3825   0.05856209319017967   0.0012277423743783712   
2570   3887   0.0506817537169751   0.0012151821144055143   
2580   3964   0.06483349390790762   0.0011792103462769455   
2590   3871   0.07026607631918372   0.0012026790997511087   
2600   3953   0.07867440824319971   0.0011703626306445592   
2610   3847   0.031713011914050605   0.0012448979796752992   
2620   3872   0.09090907845808442   0.0011839001389684612   
2630   3814   0.05532250113507316   0.0012342257100334958   
2640   3797   0.09059783092398696   0.0012075690100530568   
2650   3738   0.0379882331528425   0.0012753837677320038   
2660   3795   0.09512515869123295   0.001204072834714277   
2670   3739   0.06739770012322802   0.0012477954377506748   
2680   3808   0.08377101407864333   0.0012102910500083142   
2690   3909   0.052187269142982814   0.0012070088565554833   
2700   3796   0.04452053582389358   0.0012499357122099243   
2710   3837   0.0847015768005303   0.0012003035586666112   
2720   3793   0.05958343274763304   0.0012371675607663307   
2730   3821   0.03088195490093129   0.0012541223223638558   
2740   3785   0.07186261012372815   0.0012285443169895898   
2750   3785   0.032232493913319844   0.0012648145282372976   
2760   3840   0.029166662741009458   0.00124946441148279   
2770   3810   0.04619422455329931   0.0012438210329968765   
2780   3866   0.056389029035119255   0.0012166689852681361   
2790   3844   0.02315295680608489   0.0012535836182455903   
2800   3808   0.03650210509494866   0.0012532911298287503   
2810   3826   0.031364343334957405   0.001252046615577329   
2820   3717   0.09039548875402209   0.0012337477710544099   
2830   3775   0.041854303702755814   0.00125933564570756   
2840   3816   0.04323899783085975   0.001244548045435116   
2850   3828   0.05616510605508456   0.001228949317921478   
2860   3854   0.049299410755358736   0.0012268296458692897   
2870   3725   0.03167786017037882   0.0012857031669860149   
2880   3797   0.0987621791105779   0.0012001204633741742   
2890   3689   0.06316073724785715   0.0012686864764677758   
2900   3898   0.03412004252295679   0.0012264710952259819   
2910   3687   0.06319499452944669   0.0012693424846718583   
2920   3672   0.037854023011867154   0.0012984339437223176   
2930   3822   0.04055467601010469   0.0012450272383399343   
2940   3754   0.041022903102718826   0.001267147607540611   
2950   3734   0.07150508704143324   0.0012456557943471946   
2960   3832   0.04984341092449017   0.0012333812586940809   
2970   3840   0.054687491150761415   0.0012264418221823007   
2980   3707   0.012678691391796443   0.0013097003906865571   
2990   3801   0.05814258641142874   0.0012358768208647994   
3000   3690   0.008401059331442723   0.001319750000109568   
